IDinNonMuslimDID14 <- c(4001.04, 4002.03, 4002.04, 4002.05, 4003.03, 4003.04, 4005.03, 4005.05, 4006.03,  4006.04, 4006.05, 4008.04, 4009.03, 4009.04, 4011.03, 4011.04, 4011.05, 4012.04,  4012.05, 4012.06, 4012.07, 4013.03, 4013.04, 4014.03, 4016.03, 4016.04, 4017.03,  4020.03, 4020.04, 4021.03, 4021.04, 4022.04, 4022.05, 4022.06, 4023.03, 4023.04,  4024.03, 4024.04, 4024.05, 4024.09, 4026.12, 4028.03, 4029.03, 4029.04, 4030.03,  4032.05, 4032.06, 4032.09, 4033.03, 4034.02, 4034.03, 4034.04, 4035.04, 4035.05,  4035.06, 4036.04, 4037.02, 4038.03, 4039.03, 4040.05, 4041.03, 4042.03, 4044.03,  4045.03, 4045.04, 4046.03, 4047.03, 4047.04, 4049.03, 4049.04, 4049.05, 4051.03,  4051.04, 4051.05, 4055.06, 4056.07, 4056.08, 4057.03, 4057.04, 4058.03, 4059.03,  4060.03, 4060.04, 4060.05, 4060.06, 4061.03, 4061.04, 4063.03, 4063.04, 4064.03,  4064.04, 4065.03, 4066.03, 4066.04, 4066.05, 4068.03, 4069.03, 4069.04, 4069.05, 4071.02, 4073.03, 4074.04, 4074.05, 4075.03, 4079.04, 4082.03, 4084.03, 4084.04, 4085.03, 4085.04, 4086.03, 4086.04, 4086.05, 4087.04, 4087.05, 4088.03, 4091.03, 4092.03, 4093.02, 4093.03, 4093.04, 4096.03, 4096.04, 4097.04, 4097.05, 4097.06, 4097.07, 4098.03, 4099.04, 4099.05, 4100.03, 4102.03, 4103.03, 4103.04, 4104.03, 4105.03, 4106.05, 4106.06, 4108.04, 4108.05, 4108.06, 4108.07, 4109.04, 4109.05, 4110.03, 4112.03, 4112.04, 4113.03, 4115.03, 4115.05, 4117.03, 4119.03, 4120.03, 4120.04, 4122.03, 4123.04, 4123.05, 4124.04, 4124.05, 4124.06, 4127.02, 4128.03, 4129.03, 4131.03, 4131.04, 4132.03, 4132.04, 4133.03, 4133.04, 4133.05, 4133.06, 4134.03, 4136.04, 4136.05, 4136.06, 4137.03, 4137.04, 4140.03, 4140.04, 4140.05, 4141.03, 4141.04, 4142.03, 4142.04, 4142.05, 4146.03, 4146.04, 4147.03, 4147.04, 4147.05, 4149.03, 4149.08, 4150.03, 4150.04, 4151.03, 4152.03, 4152.04, 4152.05, 4152.06, 4153.03, 4153.04, 4154.05, 4155.03, 4156.06, 4156.07, 4156.08, 4157.03, 4158.03, 4158.04, 4158.05, 4159.03, 4162.05, 4164.03, 4164.04, 4165.08, 4166.03, 4166.04, 4166.05, 4167.04, 4167.05, 4168.03, 4169.05, 4169.06, 4170.03, 4170.04, 4171.03, 4177.04, 4177.06, 4177.07, 4177.08, 4177.09, 4178.03, 4178.04, 4178.05, 4179.03, 4180.03, 4180.04, 4181.03, 4184.03, 4185.03, 4188.03, 4189.03, 4189.04, 4192.03, 4193.03, 4194.03, 4194.04, 4195.03, 4196.03, 4196.04, 4198.03, 4200.03, 4200.04, 4201.03, 4202.03, 4203.06, 4203.07, 4204.03, 4204.04, 4204.05, 4206.04, 4207.03, 4207.04, 4209.04, 4209.05, 4209.06, 4210.03, 4210.04, 4210.05, 4212.04, 4213.07, 4213.08, 4215.03, 4217.03, 4217.04, 4218.03, 4218.04, 4219.04, 4220.05, 4221.03, 4221.04, 4221.05, 4222.03, 4222.04, 4223.02, 4224.02, 4225.02, 4225.03, 4227.05, 4228.03, 4228.04, 4228.05, 4229.03, 4229.04, 4229.05, 4230.03, 4231.03, 4232.03, 4232.04, 4233.03, 4235.05, 4236.03, 4238.03, 4238.04, 4238.05, 4239.03, 4239.04, 4240.02, 4242.03, 4242.04, 4243.03, 4243.04, 4244.03, 4245.03, 4245.04, 4245.05, 4246.03, 4248.03, 4249.05, 4249.06, 4249.07, 4250.11, 4250.12, 4251.02, 4251.03, 4252.03, 4253.03, 4254.03, 4254.04, 4255.03, 4255.04, 4256.03, 4256.04, 4256.06, 4256.07, 4258.03, 4258.04, 4259.02, 4260.03, 4260.04, 4261.04, 4264.03, 4266.03, 4266.04, 4267.02, 4267.03, 4268.03, 4268.04, 4268.05, 4271.03, 4271.04, 4273.03, 4274.03, 4277.09, 4277.11, 4278.03, 4279.03, 4282.04, 4282.05, 4283.04, 4283.05, 4284.03, 4285.03, 4285.07, 4285.11, 4287.03, 4287.04, 4287.05, 4287.06, 4288.03, 4288.04, 4288.05, 4288.06, 4289.02, 4290.03, 4290.04, 4290.05, 4291.03, 4294.03, 4295.03, 4295.04, 4295.05, 4295.06, 4296.03, 4297.03, 4297.04, 4298.03, 4298.04, 4299.03, 4299.04, 4304.11, 4305.03, 4306.05, 4306.06, 4307.03, 4307.04, 4308.03, 4308.04, 4309.03, 4310.03, 4311.03, 4315.02, 4315.03, 4316.03, 4318.03, 4318.04, 4319.03, 4319.04, 4320.03, 4320.04, 4321.04, 4321.05, 4323.03, 4323.04, 4324.03, 4325.03, 4327.04, 4327.05, 4328.03, 4329.03, 4330.02, 4330.03, 4330.04, 4330.05, 4331.03, 4333.03, 4336.03, 4336.04, 4337.05, 4338.04, 4338.05, 4338.06, 4338.07, 4340.03, 4340.04, 4340.05, 4341.04, 4342.04, 4342.05, 4342.06, 4345.04, 4345.05, 4347.03, 4347.04, 4347.05, 4347.06, 4348.03, 4348.04, 4349.05, 4351.03, 4353.04, 4353.05, 4353.06, 4354.03, 4355.03, 4355.05, 4356.03, 4356.04, 4356.05, 4356.06, 4357.03, 4357.04, 4359.03, 4360.04, 4360.05, 4360.06, 4361.04, 4362.03, 4363.03, 4363.04, 4364.02, 4366.03, 4366.04, 4366.05, 4368.04, 4368.05, 4368.06, 4368.07, 4369.03, 4369.04, 4369.05, 4370.03, 4370.04, 4371.14, 4371.15, 4371.16, 4371.17, 4372.02, 4372.03, 4373.02, 4373.03, 4373.04, 4374.02, 4374.03, 4375.02, 4375.03, 4376.02, 4377.03, 4378.02, 4380.04, 4380.05, 4380.06, 4380.10, 4380.11, 4382.03, 4382.04, 4382.05, 4384.02, 4384.03, 4384.04, 4385.03, 4387.03, 4387.04, 4388.04, 4388.05, 4390.03, 4390.04, 4390.05, 4391.03, 4392.02, 4392.03, 4393.02, 4396.03, 4396.04, 4396.05, 4397.02, 4397.03, 4397.04, 4398.04, 4398.05, 4398.06, 4398.07, 4398.08, 4399.03, 4399.04, 4400.02, 4400.03, 4401.03, 4401.04, 4402.03, 4403.03, 4403.04, 4404.04, 4404.05, 4404.06, 4405.02, 4406.03, 4406.04, 4406.05, 4407.03, 4407.04, 4408.02, 4408.03, 4409.03, 4410.02, 4410.03, 4411.03, 4411.04, 4412.02, 4413.02, 4414.04, 4414.05, 4414.06, 4416.03, 4417.02, 4417.03, 4417.04, 4419.03, 4419.04, 4420.03, 4422.03, 4422.04, 4424.02, 4425.03, 4426.03, 4426.04, 4427.04, 4427.05, 4428.02, 4429.02, 4429.03, 4430.04, 4430.05, 4430.06, 4431.03, 4431.04, 4432.03, 4433.02, 4433.03, 4434.03, 4434.04, 4434.05, 4434.06, 4435.02, 4436.02, 4436.03, 4436.04, 4436.05, 4437.03, 4437.04, 4438.03, 4439.03, 4439.04, 4439.05, 4440.03, 4440.04, 4440.05, 4441.03, 4443.05, 4443.06, 4443.12, 4443.15, 4444.03, 4446.03, 4446.04, 4446.05, 4447.03, 4447.04, 4448.03, 4448.04, 4449.02, 4450.03, 4451.03, 4451.04, 4451.05, 4452.03, 4453.03, 4453.04, 4454.03, 4454.04, 4454.05, 4455.03, 4455.04, 4456.03, 4456.04, 4457.03, 4458.03, 4458.04, 4459.05, 4460.03, 4460.04, 4461.03, 4461.04, 4461.05, 4463.06, 4463.12, 4463.13, 4463.14, 4464.03, 4464.04, 4464.05, 4464.06, 4465.07, 4465.08, 4466.03, 4466.04, 4466.06, 4467.03, 4467.04, 4467.05, 4467.06, 4467.07, 4467.08, 4468.03, 4468.04, 4469.03, 4470.03, 4470.04, 4470.05, 4472.06, 4472.07, 4472.08, 4473.03, 4473.04, 4473.05, 4473.06, 4473.10, 4475.03, 4475.04, 4478.02, 4478.03, 4479.03, 4479.04, 4479.05, 4480.03, 4480.04, 4480.05)
